580.0 216.0 604.0 255.0
587.0 217.0 611.0 257.0
596.0 215.0 623.0 258.0
607.0 214.0 630.0 255.0
611.0 214.0 634.0 257.0
615.0 222.0 636.0 267.0
610.0 233.0 633.0 278.0
607.0 240.0 632.0 288.0
604.0 254.0 628.0 301.0
599.0 261.0 626.0 312.0
597.0 272.0 621.0 322.0
599.0 287.0 622.0 337.0
604.0 300.0 631.0 346.0
609.0 299.0 633.0 347.0
612.0 286.0 638.0 342.0
617.0 271.0 644.0 325.0
619.0 260.0 642.0 312.0
613.0 247.0 639.0 298.0
610.0 242.0 632.0 288.0
612.0 238.0 633.0 284.0
611.0 239.0 633.0 287.0
612.0 243.0 632.0 289.0
610.0 243.0 632.0 292.0
609.0 248.0 633.0 298.0
609.0 254.0 631.0 306.0
603.0 258.0 629.0 306.0
593.0 259.0 622.0 314.0
590.0 272.0 614.0 324.0
592.0 286.0 619.0 338.0
594.0 293.0 621.0 342.0
603.0 284.0 626.0 339.0
606.0 272.0 627.0 325.0
605.0 262.0 628.0 313.0
602.0 257.0 626.0 308.0
597.0 257.0 624.0 308.0
597.0 264.0 622.0 316.0
598.0 269.0 626.0 320.0
605.0 262.0 633.0 314.0
612.0 253.0 641.0 307.0
616.0 251.0 642.0 303.0
621.0 250.0 645.0 303.0
623.0 252.0 649.0 309.0
620.0 260.0 647.0 316.0
622.0 268.0 650.0 329.0
619.0 279.0 649.0 338.0
615.0 284.0 647.0 339.0
609.0 286.0 639.0 341.0
606.0 288.0 634.0 343.0
598.0 288.0 629.0 346.0
598.0 273.0 625.0 337.0
596.0 256.0 625.0 321.0
597.0 245.0 624.0 308.0
595.0 244.0 622.0 304.0
595.0 241.0 624.0 298.0
598.0 241.0 624.0 299.0
601.0 244.0 624.0 299.0
600.0 242.0 628.0 300.0
600.0 242.0 629.0 302.0
601.0 243.0 633.0 308.0
605.0 251.0 642.0 313.0
617.0 249.0 645.0 309.0
618.0 249.0 646.0 309.0
612.0 255.0 643.0 318.0
611.0 262.0 640.0 321.0
608.0 255.0 638.0 318.0
597.0 248.0 636.0 311.0
589.0 235.0 630.0 300.0
579.0 227.0 616.0 288.0
568.0 222.0 604.0 282.0
558.0 216.0 595.0 280.0
550.0 213.0 587.0 280.0
550.0 215.0 581.0 278.0
550.0 210.0 582.0 275.0
552.0 197.0 582.0 266.0
548.0 189.0 582.0 255.0
