50 0.850000 0.197063 0.828371 
50 0.900000 0.920000 0.828371 
50 0.850000 0.197063 0.828371 
50 0.860000 0.254190 0.828371 
50 0.870000 0.390333 0.828371 
50 0.880000 0.616667 0.828371 
50 0.890000 0.791667 0.828371 
50 0.900000 0.920000 0.828371 
50 0.910000 1.000000 0.828371 
50 0.920000 1.000000 0.828371 
50 0.930000 0.640000 0.539215 
50 0.940000 0.020000 0.016762 
50 0.950000 0.000000 0.000000 
50 0.850000 1.000000 0.716160 
50 0.910000 0.000000 0.000000 
50 0.910000 0.000000 0.000000 
50 0.850000 1.000000 0.716160 
