80.0 272.0 127.0 367.0
90.0 270.0 140.0 367.0
102.0 271.0 148.0 365.0
108.0 266.0 155.0 365.0
116.0 266.0 163.0 363.0
125.0 268.0 171.0 363.0
132.0 267.0 178.0 362.0
140.0 269.0 187.0 362.0
148.0 269.0 195.0 364.0
155.0 266.0 200.0 360.0
157.0 265.0 205.0 359.0
165.0 267.0 212.0 363.0
170.0 268.0 217.0 363.0
178.0 270.0 221.0 364.0
182.0 271.0 225.0 365.0
187.0 272.0 228.0 367.0
189.0 274.0 233.0 368.0
193.0 276.0 238.0 373.0
197.0 275.0 242.0 372.0
202.0 276.0 247.0 372.0
207.0 276.0 248.0 371.0
207.0 277.0 251.0 370.0
212.0 276.0 254.0 372.0
214.0 276.0 256.0 373.0
217.0 278.0 259.0 372.0
219.0 278.0 264.0 372.0
224.0 279.0 267.0 375.0
228.0 279.0 269.0 372.0
230.0 282.0 271.0 376.0
232.0 280.0 273.0 380.0
233.0 282.0 275.0 379.0
232.0 281.0 277.0 379.0
234.0 282.0 279.0 380.0
239.0 282.0 284.0 382.0
242.0 282.0 287.0 379.0
246.0 279.0 293.0 377.0
253.0 280.0 299.0 375.0
258.0 281.0 303.0 374.0
263.0 281.0 307.0 376.0
267.0 278.0 311.0 373.0
273.0 276.0 316.0 371.0
281.0 275.0 322.0 367.0
281.0 271.0 326.0 367.0
289.0 272.0 332.0 364.0
295.0 271.0 338.0 363.0
302.0 270.0 344.0 364.0
305.0 267.0 348.0 363.0
309.0 268.0 355.0 362.0
318.0 269.0 363.0 361.0
325.0 270.0 371.0 361.0
332.0 270.0 377.0 360.0
341.0 271.0 383.0 362.0
345.0 268.0 389.0 363.0
352.0 271.0 396.0 362.0
359.0 272.0 401.0 366.0
362.0 270.0 408.0 363.0
370.0 271.0 416.0 363.0
377.0 270.0 421.0 363.0
383.0 271.0 427.0 364.0
390.0 271.0 432.0 363.0
393.0 270.0 435.0 365.0
398.0 270.0 438.0 359.0
401.0 268.0 442.0 364.0
404.0 268.0 449.0 362.0
414.0 269.0 456.0 361.0
417.0 269.0 461.0 361.0
424.0 269.0 466.0 360.0
429.0 270.0 470.0 362.0
433.0 270.0 473.0 360.0
437.0 270.0 476.0 360.0
439.0 271.0 480.0 362.0
443.0 270.0 485.0 359.0
447.0 268.0 489.0 362.0
452.0 270.0 493.0 358.0
457.0 270.0 498.0 359.0
