993.0 133.0 1043.0 245.0
974.0 132.0 1030.0 244.0
959.0 133.0 1014.0 248.0
945.0 132.0 1000.0 246.0
931.0 132.0 986.0 245.0
914.0 129.0 968.0 242.0
898.0 132.0 953.0 243.0
888.0 131.0 937.0 241.0
870.0 130.0 922.0 241.0
855.0 130.0 905.0 242.0
840.0 130.0 890.0 242.0
826.0 130.0 878.0 242.0
812.0 132.0 862.0 244.0
799.0 133.0 849.0 247.0
789.0 136.0 838.0 250.0
780.0 135.0 834.0 249.0
773.0 137.0 823.0 250.0
767.0 137.0 812.0 248.0
757.0 140.0 805.0 251.0
752.0 142.0 797.0 251.0
743.0 142.0 789.0 253.0
734.0 144.0 781.0 254.0
727.0 149.0 773.0 258.0
722.0 151.0 767.0 260.0
715.0 152.0 761.0 263.0
708.0 153.0 754.0 263.0
704.0 155.0 748.0 267.0
699.0 156.0 742.0 266.0
692.0 157.0 738.0 267.0
688.0 159.0 731.0 267.0
681.0 159.0 725.0 268.0
675.0 158.0 720.0 268.0
667.0 157.0 712.0 269.0
661.0 158.0 703.0 266.0
652.0 160.0 695.0 269.0
643.0 159.0 686.0 269.0
635.0 160.0 678.0 269.0
626.0 160.0 671.0 269.0
620.0 163.0 663.0 272.0
612.0 161.0 656.0 271.0
603.0 161.0 650.0 272.0
596.0 159.0 639.0 270.0
584.0 161.0 631.0 272.0
573.0 162.0 621.0 275.0
558.0 162.0 609.0 274.0
550.0 162.0 598.0 273.0
535.0 163.0 587.0 273.0
528.0 162.0 576.0 274.0
517.0 162.0 565.0 271.0
505.0 161.0 554.0 271.0
